  0	0.9	22	25	1.012346	0.  0.
  0	0.9	25	30	1.011435	0.  0.  
  0	0.9	30	40	1.001716	0.  0. 
  0	0.9	40	50	0.999157	 0.  0.    
  0	0.9	50	60	0.995801	0.  0.   
  0	0.9	60	120	0.990438	0.  0.   
  0	0.9	120	300	1.	 0.  0.          
0.9    1.2    22      25    1.036497    0.  0.  
0.9    1.2    25      30    1.019091    0.  0.   
0.9    1.2    30      40    1.006207    0.  0.   
0.9    1.2    40      50    0.996778    0.  0.   
0.9    1.2    50      60    0.999596    0.  0.   
0.9    1.2    60      120   0.983843    0.  0.   
0.9    1.2    120     300   1.          0.  0.            
1.2    2.1    22      25    1.003334    0.  0.  
1.2    2.1    25      30    1.000314    0.  0.   
1.2    2.1    30      40    0.993324    0.  0.   
1.2    2.1    40      50    0.992007    0.  0.   
1.2    2.1    50      60    0.991006    0.  0.   
1.2    2.1    60      120   0.991905    0.  0.   
1.2    2.1    120     300   1.          0.  0.                  
2.1    2.4    22      25    1.017319    0.  0.  
2.1    2.4    25      30    1.015674    0.  0.   
2.1    2.4    30      40    1.021449    0.  0.   
2.1    2.4    40      50    1.013174    0.  0.  
2.1    2.4    50      60    1.022170    0.  0.   
2.1    2.4    60      120   1.013778    0.  0.   
2.1    2.4    120     300   1.                 


