-2.5    -2      10  20   1.054298643    0.    0.
-2.5    -2      20  30   1.066343042    0.    0.
-2.5    -2      30  40   1.002702703    0.    0.
-2.5    -2      40  50   1.010012516    0.    0.
-2.5    -2      50  200  0.99522673     0.    0.
-2      -1.566  10  20   0.990521327    0.    0.
-2      -1.566  20  30   0.986970684    0.    0.
-2      -1.566  30  40   0.990728477    0.    0.
-2      -1.566  40  50   1.002427184    0.    0.
-2      -1.566  50  200  1.006968641    0.    0.
-1.566  -1.444  10  20   0.776632302    0.    0.
-1.566  -1.444  20  30   0.89           0.    0.
-1.566  -1.444  30  40   1.010657194    0.    0.
-1.566  -1.444  40  50   0.981767181    0.    0.
-1.566  -1.444  50  200  0.95923913     0.    0.
-1.444  -0.800  10  20   0.998015873    0.    0.
-1.444  -0.800  20  30   0.96651446     0.    0.
-1.444  -0.800  30  40   0.979565773    0.    0.
-1.444  -0.800  40  50   0.977514793    0.    0.
-1.444  -0.800  50  200  0.97698504     0.    0.
-0.8    0       10  20   0.984962406    0.    0.
-0.8    0       20  30   0.972423803    0.    0.
-0.8    0       30  40   0.979848866    0.    0.
-0.8    0       40  50   0.982373678    0.    0.
-0.8    0       50  200  0.98405467     0.    0.
0       0.8     10  20   0.998116761    0.    0.
0       0.8     20  30   0.966423358    0.    0.
0       0.8     30  40   0.979874214    0.    0.
0       0.8     40  50   0.987089202    0.    0.
0       0.8     50  200  0.98631699     0.    0.
0.8     1.444   10  20   1.048879837    0.    0.
0.8     1.444   20  30   0.97564688     0.    0.
0.8     1.444   30  40   0.983354673    0.    0.
0.8     1.444   40  50   0.98216409     0.    0.
0.8     1.444   50  200  0.980437284    0.    0.
1.444   1.566   10  20   0.720930233    0.    0.
1.444   1.566   20  30   0.842892768    0.    0.
1.444   1.566   30  40   0.92173913     0.    0.
1.444   1.566   40  50   0.942172073    0.    0.
1.444   1.566   50  200  1.0            0.    0.
1.566   2.000   10  20   0.893665158    0.    0.
1.566   2.000   20  30   0.962601626    0.    0.
1.566   2.000   30  40   0.985352863    0.    0.
1.566   2.000   40  50   0.996350365    0.    0.
1.566   2.000   50  200  1.009269988    0.    0.
2       2.500   10  20   1.042505593    0.    0.
2       2.500   20  30   1.004846527    0.    0.
2       2.500   30  40   0.998637602    0.    0.
2       2.500   40  50   1.005018821    0.    0.
2       2.500   50  200  1.019417476    0.    0.
